91701
91708
91709
91710
91730
91737
91739
91752
91761
91762
91763
91764
91784
91786
92201
92203
92210
92211
92220
92223
92225
92230
92234
92236
92239
92240
92241
92242
92252
92253
92254
92256
92258
92260
92262
92264
92267
92268
92270
92274
92276
92277
92278
92280
92282
92284
92285
92301
92304
92305
92307
92308
92309
92310
92311
92313
92314
92315
92316
92317
92320
92321
92322
92324
92325
92327
92332
92333
92335
92336
92337
92338
92339
92341
92342
92344
92345
92346
92347
92350
92352
92354
92356
92358
92359
92363
92364
92365
92368
92369
92371
92372
92373
92374
92376
92377
92378
92382
92385
92386
92391
92392
92394
92395
92398
92399
92401
92404
92405
92407
92408
92410
92411
92415
92501
92503
92504
92505
92506
92507
92508
92509
92518
92521
92530
92532
92536
92539
92543
92544
92545
92548
92549
92551
92553
92555
92557
92561
92562
92563
92567
92570
92571
92582
92583
92584
92585
92586
92587
92590
92591
92592
92595
92596
92860
92879
92880
92881
92882
92883
93558
93562
