93013
93067
93101
93103
93105
93106
93108
93109
93110
93111
93117
93254
93401
93402
93405
93407
93408
93409
93410
93420
93422
93424
93426
93427
93428
93429
93430
93432
93433
93434
93436
93437
93440
93441
93442
93444
93445
93446
93449
93450
93451
93452
93453
93454
93455
93458
93460
93461
93463
93465
93901
93905
93906
93907
93908
93920
93921
93923
93924
93925
93926
93927
93928
93930
93932
93933
93940
93943
93944
93950
93953
93954
93955
93960
93962
95003
95004
95005
95006
95007
95010
95012
95017
95018
95019
95023
95033
95039
95041
95043
95045
95060
95062
95064
95065
95066
95073
95075
95076
