93512
93514
93517
93529
93541
93546
95202
95203
95204
95205
95206
95207
95209
95210
95211
95212
95215
95219
95220
95221
95222
95223
95224
95225
95226
95227
95228
95230
95231
95232
95233
95236
95237
95240
95242
95245
95246
95247
95248
95249
95251
95252
95253
95254
95255
95257
95258
95304
95305
95307
95309
95310
95313
95316
95319
95320
95321
95323
95326
95327
95328
95329
95330
95335
95336
95337
95346
95350
95351
95354
95355
95356
95357
95358
95360
95361
95363
95364
95366
95367
95368
95370
95372
95375
95376
95377
95379
95380
95382
95383
95385
95386
95387
95501
95503
95511
95514
95519
95521
95524
95525
95526
95527
95528
95531
95536
95537
95538
95540
95542
95543
95545
95546
95547
95548
95549
95550
95551
95552
95553
95554
95555
95556
95558
95559
95560
95562
95563
95564
95565
95567
95568
95569
95570
95571
95573
95589
95595
95601
95602
95603
95604
95605
95606
95607
95608
95610
95612
95613
95614
95615
95616
95618
95619
95621
95623
95624
95626
95627
95628
95629
95630
95631
95632
95633
95634
95635
95636
95637
95638
95639
95640
95641
95642
95645
95646
95648
95650
95651
95652
95653
95655
95658
95659
95660
95661
95662
95663
95664
95665
95666
95667
95668
95669
95670
95671
95672
95673
95674
95675
95676
95677
95678
95679
95680
95681
95682
95683
95684
95685
95686
95689
95690
95691
95692
95693
95694
95695
95697
95698
95699
95701
95703
95709
95713
95714
95715
95717
95720
95721
95722
95726
95728
95735
95736
95742
95746
95747
95757
95758
95762
95765
95776
95811
95814
95815
95816
95817
95818
95819
95820
95821
95822
95823
95824
95825
95826
95827
95828
95829
95830
95831
95832
95833
95834
95835
95837
95838
95841
95842
95843
95864
95901
95903
95910
95912
95913
95914
95915
95916
95917
95918
95919
95920
95922
95923
95925
95926
95928
95929
95930
95932
95934
95935
95936
95937
95938
95939
95941
95942
95943
95944
95945
95946
95947
95948
95949
95950
95951
95953
95954
95955
95956
95957
95958
95959
95960
95961
95962
95963
95965
95966
95968
95969
95970
95971
95972
95973
95974
95975
95977
95978
95979
95981
95982
95983
95984
95986
95987
95988
95991
95993
96001
96002
96003
96006
96007
96008
96009
96010
96011
96013
96014
96015
96016
96017
96019
96020
96021
96022
96023
96024
96025
96027
96028
96029
96031
96032
96033
96034
96035
96037
96038
96039
96040
96041
96044
96046
96047
96048
96050
96051
96052
96054
96055
96056
96057
96058
96059
96061
96062
96063
96064
96065
96067
96068
96069
96071
96073
96074
96075
96076
96078
96080
96084
96085
96086
96087
96088
96090
96091
96092
96093
96094
96096
96097
96101
96103
96104
96105
96106
96107
96108
96109
96110
96111
96112
96113
96114
96115
96116
96117
96118
96119
96120
96121
96122
96123
96124
96125
96126
96128
96129
96130
96132
96133
96134
96135
96136
96137
96140
96141
96142
96143
96145
96146
96148
96150
96155
96161
